3886318821693214
3872129529054243
3858518577126415
3857960881195822
3857920662257336
3857783080591817
3857772640873199
3857760205079472
3855454289938267
3853835397340400
3853832407044188
3853587925006752
3853587245746857
3853586490848997
3853321271849471
3853307967541624
3848956004425128
3848906628928039
3847092693245339
3846813436177845
3846088148897789
3845854064978631
3845853607561673
3845668789961168
3844574537869964
3842442313033759
3842439834283706
3840925296244725
3839562407734925
3836558727857352
3836429987863371
3834833447335308
3834833350597140
3831169798221075
3831167239688414
3831163972288881
3827464495590726
3826906145511279
3825143258352323
3824465979014172
3821538157704324
3821453114322859
3819551236221629
3818552589401623
3817382302799716
3817081718292036
3804872506000081
3799430279143120
3798102815560160
3782311235876132
3782309956576115
3782309508018966
3771347081761004
3757988580372221
3757988193649143
3757987699455904
3757987468932745
3756314327016325
3754253627591627
3754252977687282
3754252486817584
3754251681856222
3751971179983908
3750452166613636
3748300266506582
3747945826859673
3747945441016721
3747942370404865
3747938159641919
3747936775209007
3747920270865410
3747842818551725
3746797673880792
3746745953612533
3745955990269506
3742770009344609
3741454264545532
3741453937499986
3741377987026893
3741372777579940
3741085161611014
3741084771615890
3740709632483735
3740656810192662
3740205956118527
3740196644381157
3740193289385739
3740180643458484
3739593247062116
3739517544607731
3739216880560971
3738464858145980
3738369366456200
3738369274397780
3737819891799822
3737438126120461
3736891130638071
3736731537093297
3736230795888281
3736159467404168
3735232111092850
3735192772706105
3734913289762684
3734668950424855
3734668753258636
3732958831881940
3732894881216822
3732624525042402
3731910188834881
3731226676651303
3731224197632590
3731218380524827
3731215314100142
3731214291092536
3731214081023245
3731211535408877
3731197660541156
3731193700459309
3730431491384735
3730033984595829
3729228388420944
3729131986567202
3729125376451341
3729124978268329
3729124369849616
3729123925314643
3729063132557970
3729062667212055
3729052214820384
3728659578274997
3727680740580656
3727081932583284
3726922733473405
3726921890446216
3726921743567939
3726921626542757
3726920699129213
3726920565101080
3726918786938347
3726918463838526
3726917691865865
3726916937053541
3726916308084330
3726913766294736
3726911220324789
3726910771419943
3726910389573667
3726910012395191
3726909563432778
3726908456152127
3726849056194885
3726610652270393
3726596999848753
3726387683034420
3725822659737601
3725266763744273
3725129639093605
3725125680053988
3725012546775119
3724771021873595
3724679531965043
3723527838651517
3723497069265224
3722972517216313
3722863360088825
3722599601586761
3722566223404430
3722149062071511
3721414886785009
3720236543461281
3720198265968779
3720197439718493
3718619513389722
3718423735889409
3718247038076024
3718241006458153
3718240729868891
3718041701608132
3718037838965306
3717778269839097
3717776403739479
3717769453686045
3717685605149043
3717488540028922
3717488216917437
3717487697198988
3716941493883889
3716060996045311
3715921527223398
3715918868191857
3715916632335162
3715915294236407
3715901365276976
3715622892746601
3715350636508426
3715346626644341
3715195442835170
3715169656105535
3715135497912998
3715116464195988
3715114974873781
3714769188089108
3714763395740138
3714763131691013
3714743116689821
3714567991774511
3714567127463780
3714566859195631
3714522156207057
3714422038578912
3714097751610068
3714097134891373
3713816146032504
3713557998958764
3713557881472090
3713555885134604
3713554375372658
3713550424157026
3713548495004673
3713548259948534
3713399135418969
3713372380443179
3713372291914554
3713349059871033
3713346073690773
3713344224099648
3713343170820107
3713340566535318
3713324619458342
3713323994574026
3713312183426062
3713311700964310
3713309805165665
3713306232057247
3713145896159601
3713102124521072
3712805339905761
3712802118196848
3712798746304333
3712797282199012
3712795935972826
3712795193684518
3712788449243215
3712787019100850
3712786465066914
3712784628350515
3712781667011524
3712780807370632
3712767322252285
3712766009933181
3712750696201487
3712698158467515
3712697919082217
3712693158878098
3712691044850303
3712589433785772
3712589186256668
3712588892503100
3712368205311839
3712368142011664
3712024494675472
3712005611694701
3712002256504213
3711723335279346
3711666661492736
3711109037217506
3711108407996680
3710906829681877
3710297078763873
3710295681831383
3710195190934061
3710192103792457
3710191990510812
3710126538488344
3710126483947797
3709798925612955
3709444657644923
3709443835805970
3709349359178288
3707540430975054
3707531463384011
3707531375707412
3707392506679017
3707392187472493
3707391810268769
3707124846874022
3705788965405538
3705746036864678
3705340963435791
3705065225661306
3704479402839093
3704479163678719
3704272409932743
3703153738503548
3702298935026480
3701896449937998
3701779353155977
3701774474955623
3701764358647559
3701763926441411
3701763524216953
3701763309915840
3701731228010752
3701729105371651
3701586209671138
3701585240828442
3701401656446355
3701346945767274
3701248497090310
3701246483879263
3701245825243822
3701098953425072
3700840625805942
3700726255076554
3700725962241227
3700724850667354
3700635814188964
3700630755791926
3700430540533866
3700246792232187
3699778880129027
3699776980043122
3699776753310400
3699553683296672
3699547807230810
3699545492288831
3699544988571193
3699542891792142
3699263022720485
3699219691249973
3699197624405562
3699194319693420
3699153362730276
3699152942757722
3698551244638012
3698550632525330
3697864284852147
3697847638021660
3697821087866358
3697808178063229
3697803681382035
3697803119658705
3697595169499855
3697592490127369
3697044504427991
3696880883733027
3696878539288466
3696535138794094
3696532098566339
3696531830086928
3696476918112834
3696476851165488
3696474967869502
3696433092049130
3695634005790332
3695633661939307
3695617685800778
3695258393379070
3695124691626167
3693993004974780
3693866039518717
3693856531303479
3693855297559970
3693845504166066
3693810217398121
3693747676170532
3693747038651502
3693545418779985
3693468146353834
3693423112764150
3693248269118010
3692445986978585
3692362994151577
3692361001777562
3692346305013796
3692183045077853
3692182655475940
3691613211759311
3691596170403445
3691333233266646
3691325163686862
3691298923740506
3691298089348740
3691295375178681
3691207861781664
3690968027477260
3690636522142066
3690617772919644
3690617521982687
3690570608533563
3690566196074882
3690564794984278
3690564405060333
3690556448455490
3690553873174126
3690552472434320
3690551952458599
3690548424268664
3690493995590287
3690493743135543
3690492711760462
3689905148511422
3689857660648420
3689852086565883
3689832075587922
3689615510940922
3689257006916698
3689254738194214
3689253743828541
3689180859720795
3689080162851414
3689079663595774
3689079004934680
3689075687315533
3688894883324458
3688892601754883
3688663240325696
3688658727310747
3688658467409856
3688509607240600
3687995159104873
3687575410069505
3687348728701957
3686969891020274
3686720426336204
3686655821166823
3686015497477353
3685929636463328
3685925119220082
3685542610888230
3685541868847000
3685536084756293
3685266290629000
3685236804331713
3685163466755493
3685031623288104
3685030448926821
3685027344685570
3685027093326856
3684912068825693
3684865512006724
3684526620155551
3684372219741858
3684371985008141
3684283682593841
3683473577537670
3683471962592823
3683468145562639
3683406146116842
3683397786765137
3683394863391614
3683394242420259
3683393902565999
3683356216851891
3683355725962076
3683132630807495
3683132425414057
3683113370850548
3683112947115018
3682875230400526
3682874614290160
3682746956642578
3682739352094457
3682735984436546
3682026840853927
3681791255157701
3681788373472770
3681784456180022
3681781381775114
3681774704430316
3681774053901177
3681495996818115
3681494655010362
3681451423957349
3681412659665551
3681181168221376
3681180656438433
3681180391807017
3681179154342219
3680858748072179
3680569051507373
3680567248034707
3680485726924344
3680475933544135
3680447576048094
3680441514774268
3680432183125054
3680425417856002
3680424918660056
3680422938911197
3680418995901914
3680416013931514
3680415644724506
3680349974708049
3680349336880117
3680349005775628
3680348154340450
3680236497901430
3680117979478534
3680117605954033
3680116209309692
3680115307400333
3680113298274403
3680107954990943
3680097100234922
3680056935429165
3680053072627609
3680006808787740
3679853372528977
3679852324638959
3679836713309015
3679817860305624
3679811631620345
3679766886686106
3679759852909837
3679724536713722
3679476342881928
3679458416532147
3679457900877415
3679456265229204
3679435641465504
3679434702139342
3679395145703557
3679394822448177
3679379521878232
3679341806453062
3679323263401955
3679145081255371
3679139834289532
3679139649724852
3679135669403594
3679119923932112
3679069843311939
3678987312282753
3678983742889896
3678983373996066
3678964038408632
3678959021429357
3678954584194810
3678953430999154
3678891300728541
3678774489111919
3678762908640571
3678704733809916
3678704566266385
3678701663325316
3678699428022875
3678698890879113
3678693136572063
3678679979093551
3678675159992909
3678669073862521
3678643329326567
3678642221696570
3678640325827750
3678638694239809
3678637423828749
3678635850968297
3678633937531802
3678415439822110
3678415322745516
3678415201096466
3678379817948131
3678246736702846
3678234405026943
3678221264880698
3678028742216910
3678028406544257
3678012111329141
3678011838958491
3677986987831689
3677980004357459
3677973192544130
3677970898253181
3677969870986489
3677930213396725
3677918444278164
3677917529992899
3677851008451008
3677850786003950
3677850098164570
3677846772030585
3677670909155101
3677574129839604
3677524380974106
3677522938085976
3677506274576293
3677290347510434
3677255383643634
3677160311579404
3677159338058434
3677122265048156
3677113599232757
3677113117016362
3677109895056389
3677104338364075
3677101695713155
3677101213488912
3677090463870352
3677087137645948
3677086974023295
3676973207607674
3676952378814903
3676923366657586
3676921022371519
3676915955243181
3676911790007236
3676901661160683
3676899832365040
3676773780989868
3676708722661110
3676706907015044
3676706433245868
3676565412282029
3676565135415298
3676547574088678
3676532373886556
3676531560280290
3676449410176472
3676446944233098
3676440996568447
3676406531917446
3676405059626054
3676403012842549
3676186955360295
3676186808812788
3676181537041106
3676174037025761
3676170903783351
3676162833852316
3676162724787512
3676161609230046
3676138528236184
3676137491956583
3676128965240779
3676121931251289
3676119448392566
3676118747497278
3676117175335667
3676114871930547
3676114427590601
3676114062576659
3676113462706029
3676101228504272
3675879257113280
3675871581751667
3675871048796394
3675870662890706
3675867358249629
3675864523213949
3675844867908148
3675836715001967
3675828581490967
3675827364985575
3675823544005943
3675806314177945
3675800211537802
3675798634173512
3675798101433065
3675796814002435
3675796562202270
3675790044275125
3675788181786275
3675787217731376
3675780040691193
3675777583092053
3675762932518179
3675762575699440
3675756397424002
3675756053443369
3675754992619726
3675754451477866
3675752794546602
3675750877947807
3675750596690509
3675737602705403
3675735690458998
3675734344134441
3675733421242929
3675733337343247
3675733274310489
3675719525308524
3675715960629945
3675711916952217
3675708901683153
3675706230022896
3675705202672387
3675704237745113
3675703881394688
3675702249665261
3675701112977021
3675700714009886
3675688140124395
3675684931446447
3675531897820936
3675531671570598
3675530086207914
3675527720316507
3675525455371791
3675524775611014
3675524461506445
3675523920321270
3675522968089687
3675522380410570
3675521529518231
3675521278160971
3675520514652854
3675519679419648
3675518790560722
3675518153188055
3675517377472081
3675517213516470
3675516718770596
3675515716532442
3675515204640071
3675512562043327
3675512226702343
3675510397923374
3675506023027378
3675505226411385
3675502454118981
3675500792477596
3675495717871803
3675494735869414
3675489619621987
3675481557306377
3675480466661801
3675471159735006
3675467968025583
3675467632164432
3675458639543228
3675455951461662
3675455544567256
3675445591368158
3675440151499657
3675422367155433
3675420526324647
3675416209943911
3675415476105198
3675412934435126
3675405342652308
3675395964529036
3675388499018152
3675386544509687
3675386024242235
3675384707161175
3675384119399101
3675383255829049
3675381594326826
3675380840081142
3675379464066707
3675378071607384
3675377068790799
3675374808697963
3675372161498629
3675370320677425
3675369758759953
3675316411655308
3675312057962444
3675311571270393
3675310853923625
3675310639949302
3675309209783940
3675306915328415
3675301160835398
3675296580544602
3675287017321984
3675257884323351
3675254247180899
3675253840724976
3675253400262085
3675243166285560
3675165882302791
3675165516964954
3675164967452324
3675158697392869
3675158432729691
3675158244223741
3675156860303068
3675156293868145
3675153797598797
3675146910703634
3675140229047422
3675130645349710
3675128887548074
3675115692656596
3675112307731993
3675110051195053
3675109296058423
3675108528744185
3675107777789521
3675105353438385
3675087892434954
3675085812291478
3675075481561695
3675073460237205
3675072642837473
3675072428001481
3675067055593723
3675064807093441
3675061976624566
3675061279919778
3675060906584556
3675058646060444
3675033811127452
3675033618163205
3675032783746402
3675024080734348
3675022134828600
3675019861243339
3675016551765680
3675012059549254
3675010918530798
3675010734272008
3675010604886177
3675010503495538
3675009711197568
3675005290104027
3675004966983488
3674994841975521
3674994381043058
3674990035392321
3674989398176214
3674988479059227
3674982855094749
3674973787293698
3674972982039984
3674972587406028
3674971215778611
3674969471019030
3674967746749608
3674967025464810
3674934482429468
3674933462930051
3674932133507244
3674926202514557
3674921374779498
3674919903138901
3674914659788900
3674912436940089
3674791670057402
3674785123089922
3674781943392877
3674780122760077
3674769801004839
3674760409639356
3674756194739930
3674746815984912
3674745570132207
3674741884185320
3674736087148486
3674736053590390
3674736032616435
3674730949092577
3674717489681965
3674715086078721
3674714977284732
3674713525620651
3674712624289780
3674711911181138
3674709365229912
3674704453694587
3674704046802699
3674702734101996
3674701836064376
3674699735099201
3674696526223106
3674695506881973
3674694244648573
3674693758316465
3674692948570736
3674692600560243
3674692273366307
3674685184954676
3674682815156044
3674674141316906
3674673743113161
3674671725347763
3674671536580405
3674666096754992
3674658790010325
3674657196918476
3674655762047368
3674655296421013
3674654998587513
3674653128443675
3674652314421947
3674635227296229
3674631108491633
3674630613439579
3674619712528668
3674618013566385
3674616008694330
3674614515187034
3674614016415669
3674613672703905
3674611101050795
3674608014684919
3674606307019591
3674448974858915
3674447418910310
3674445866528817
3674445317249428
3674443315994343
3674439151449792
3674438316435657
3674437666604130
3674435703529329
3674434969549518
3674434139301503
3674431932667867
3674428921259398
3674428539556790
3674411288722386
3674410180956274
3674394179829367
3674376241467641
3674373531652620
3674266979009922
3674256837206867
3674256489288691
3674241856019724
3674239451884988
3674227099835841
3674226118191254
3674224813785948
3674223744306913
3674220468488674
3674214072291346
3674209328855523
3674208703868940
3674205512266184
3674204845181205
3674204081863754
3674203310386620
3674202173665028
3674201322240249
3674200735134518
3674200223284143
3674199233400470
3674195710035667
3674192623051246
3674189309907032
3674184217664687
3674181990367163
3674179460909072
3674176470797038
3674074896671902
3674072959205739
3674069586901175
3674069142970637
3674067431323972
3674066705665557
3674062209356554
3674061135546399
3674060715894329
3674060372133767
3674059415568690
3674059302314333
3674056941009640
3674051820114824
3674051211651763
3674047256578071
3674034388612396
3674019347797361
3674017100102834
3674016957460817
3674015539529466
3674015186662679
3673973491645336
3673973344803758
3673958954164192
3673948984355356
3673944668541448
3673939404317312
3673916146916053
3673889542020612
3673888900449336
3673887570900028
3673887432528562
3673886954568041
3673882181747422
3673875722343684
3673875470130226
3673871108680535
3673869204083343
3673868369545407
3673865806963073
3673865232614314
3673703256651169
3673702992394086
3673701498944411
3673699674494999
3673697656965077
3673697468208376
3673697182975358
3673696197242973
3673695954167535
3673695643554226
3673692447514954
3673691658923335
3673691528889859
3673690606330278
3673689620586327
3673684260309366
3673683916622715
3673681911828616
3673679680258989
3673678216262154
3673676446353726
3673667999331179
3673658087805904
3673655349362701
3673653331937230
3673650534451385
3673563749446199
3673562441825650
3673559761133297
3673559622703725
3673554014700942
3673546268068076
3673543327540631
3673537153356517
3673530060980775
3673525825001575
3673518728226207
3673515322448223
3673514948781991
3673513531124029
3673511811768658
3673509492057524
3673508330283271
3673497559464448
3673492845043150
3673491930784391
3673491041433821
3673489917420755
3673485727131169
3673481839060030
3673481008745517
3673479683041641
3673477074593944
3673473853339538
3673412956618388
3673410972822358
3673409198283828
3673408536006200
3673405822150895
3673376897989668
3673357524170212
3673336850605584
3673336074605395
3673330097838219
3673327434056032
3673321968894455
3673318575860516
3673317297064363
3673316894047096
3673312830013912
3673311097591996
3673306261379480
3673302687621346
3673302205221133
3673299777107547
3673296257914375
3673284211895351
3673269670433601
3673268663722259
3673263106262989
3673262963313488
3673184983338037
3673183003335736
3673179140337060
3673169564612871
3673167865915099
3673167719091343
3673167249637288
3673164972091597
3673161646512352
3673161050431151
3673156088608179
3673153333051075
3673016213434751
3673015738569708
3673015642240290
3673015093407381
3673003541486240
3673001817971477
3673000816057085
3672996986661193
3672995291687890
3672983966999351
3672979428811881
3672977796855154
3672975552990920
3672973774750269
3672973233357305
3672972357231451
3672970981090529
3672970792330846
3672970553237037
3672970200887828
3672968649151758
3672967944467017
3672966832906794
3672966019159993
3672965599963337
3672965419656844
3672964790718021
3672964005976982
3672961527163127
3672961108048845
3672960172527904
3672959350730647
3672958788263802
3672955982239853
3672955638673903
3672954837343553
3672953998556553
3672953490855835
3672952744626691
3672952589006786
3672951679029390
3672951444290989
3672951385566011
3672949791428505
3672948134972510
3672947664986915
3672946960728803
3672941315304554
3672935421848706
3672920934967918
3672919982649952
3672917600404229
3672917449260070
3672916196032778
3672907500579241
3672880493970664
3672879105600869
3672845546694469
3672844217133910
3672767772122066
3672763547968162
3672755637596019
3672644643977828
3672629069851781
3672628273088123
3672627949885747
3672627153388201
3672626151202531
3672623311368691
3672612162919046
3672611164471490
3672603174112833
3672597583169882
3672595415003870
3672593590270134
3672574506445965
3672558685349683
3672550464411811
3672548711494930
3672532982728156
3672532688915497
3672525785070091
3672510811992314
3672483234085348
3672481049116410
3672476175222786
3672475562534593
3672475277481293
3672474434332351
3672470575438475
3672469770272937
3672466486159138
3672461943731705
3672460085775315
3672457888078507
3672451902394433
3672451105807890
3672444810044403
3672427114171908
3672255487682827
3672227872387624
3672218451902338
3672217965242134
3672217789058228
3672204123837650
3672191423929640
3672173799304013
3671754620384179
3671717764997652
3671431684135638
3671423291301536
3671394522566784
3671391867644459
3671390852915355
3671390693503895
3671385823518052
3671184832704536
3671118713715149
3670939386686766
3670765402736709
3670685979422045
3670674872914641
3670614843974974
3670602131012875
3670452629120566
3670335784001171
3670329190407822
3670316368402063
3670315832274700
3670315143824075
3670312036403856
3670296303383094
3670292234965024
3670291865743579
3670249067259874
3670211649188565
3670208457218142
3670114832439257
3670005557768043
3669987837396479
3669986642271211
3669985862061205
3669952118727018
3669925044390625
3669871243684264
3669869587199897
3669625638365071
3669596466922573
3669558525369443
3669557593771142
3669552363494372
3669548227827540
3669519656903681
3669508092449112
3669503306747420
3669496176574235
3669490946192090
3669362227505909
3669282091347674
3669270615280947
3669268220677450
3669205754762087
3669204647111245
3669200721484440
3669000824902765
3668981518835225
3668896051668926
3668895670135900
3668845930216661
3668820591958952
3668794444916367
3668793047948318
3668791001227774
3668673564342437
3668612218759610
3668558946629568
3668520649142424
3668499354024827
3668070281634587
3668061024902802
3667898352875132
3667800319212622
3667784892222972
3667777749366616
3667777208146712
3667774323237698
3667769662542317
3667765762084363
3667765317444991
3667760611210881
3667758614911170
3667749815768919
3667711438073656
3667710825390918
3667500341971054
3667477290222266
3667461863578837
3667448002173236
3667435406157656
3667427868874555
3667424790205519
3667423166870149
3667422789342870
3667422600820819
3667421887979775
3667421317249476
3667419924592554
3667416405873194
3667413297969109
3667410882050700
3667407626902191
3667405039004926
3667378837690609
3667326475465124
3667307433516436
3667193684640722
3667178135810757
3667174662820043
3667170627818537
3667169705022981
3667168954502854
3667168304048178
3667167473791219
3667167419261992
3667162532849879
3667116475299083
3667113719609247
3666806663490435
3666806156071875
3666730469165007
3666664035823868
3666660479035288
3666660155921852
3666659761958183
3666655789950459
3666617504521704
3666608507663588
3666599183657591
3666597992856453
3666584113928378
3666579928060027
3666577939873715
3666371416019316
3666371244030026
3666370690319492
3666352512623405
3666339367310005
3666330236327488
3666321159750607
3666320631472194
3666309868771274
3666308124234981
3666037792563688
3666023426890758
3666019379580865
3666012324735116
3665975498833672
3665971086263658
3665967076627386
3665966577460440
3665963075508067
3665953043191952
3665837582177388
3665780124259749
3665761153580135
3665734900889011
3665724993827687
3665698393693407
3665695562734313
3665690571105182
3665681369021900
3665674603598111
3665594903345300
3665356402659335
3665351830768383
3665350690255261
3665211099673591
3665205139295406
3665204485117015
3665193169014368
3665188546625182
3665173342580816
3665171559989480
3665170402183056
3665169500167309
3665162105886434
3665161673738929
3665159110888566
3665157617747136
3665151729247620
3665141671332747
3665140282804042
3665099321583186
3665081965622166
3664882597114466
3664882077360400
3664878352473388
3664877622813385
3664876847598214
3664870035997992
3664868995832927
3664868500779668
3664798036388073
3664607690016731
3664559052916087
3664547976003490
3664547128308859
3664546260201850
3664534813948818
3664505768700492
3664498710041603
3664492548772367
3664490380332989
3664434511526022
3664430425968057
3664426706108249
3664253980770470
3664253678518791
3664252773002608
3664228801905797
3664198032881412
3664153363802728
3664153019151540
3664151324747984
3664147017035386
3664146186448401
3664145167355326
3664144358153081
3664144219724092
3664144072904887
3664126314068297
3664090293213511
3664069183989795
3664062888470137
3664060106942880
3664051450270998
3664050011566586
3663894260585726
3663889587960224
3663876807518222
3663872424554910
3663871606295490
3663870830726408
3663870322882859
3663859330079466
3663825129549469
3663822373943388
3663813217747716
3663812965698231
3663811284165868
3663807882443245
3663801352095915
3663776300071378
3663759908738382
3663756830119569
3663722637509918
3663721429617257
3663680363352526
3663521751858792
3663510820840526
3663498242357313
3663496673290782
3663493498149123
3663475756291139
3663442009064245
3663441233042985
3663416823087739
3663400158801362
3663360862197287
3663294399616872
3663184097708601
3663182960940263
3663174194477735
3663168410660138
3663167856963276
3663158403119234
3663155719265994
3663155148254585
3663154137317077
3663142657423576
3663127256235908
3663126681103146
3663068737610163
3663060542050391
3663051113167277
3663050471524594
3663041944364611
3663040282899563
3663039239149555
3663034574408667
3663033542773007
3663032921969500
3663032753920983
3662948218658210
3662798523843045
3662785478947786
3662777602188633
3662774292767932
3662772333926612
3662765543512984
3662764851984634
3662677873951336
3662668394944501
3662586329681156
3662584467478802
3662584253774155
3662573423634958
3662442486119532
3662437796635585
3662437046252573
3662305474677508
3662302328991173
3662297103042012
3662263112601850
3662030021804966
3661747267367653
3661746089033819
3661728065963603
3661607026675061
3661604271156143
3661539208758004
3661530556449209
3661526328527706
3661518849584475
3661513510168146
3661333054734840
3661322111345106
3661319490061061
3661317460073038
3660967072609196
3660966263185514
3660963872234493
3660963066948150
3660883249518749
3660645100441686
3660641367372392
3660638700616530
3660616479036115
3660601219373008
3660601161144119
3660600838226934
3660509843098152
3660504251998377
3660244217972818
3660239557647713
3660218326531922
3660195043006000
3660178463571761
3660157995384328
3660089879933930
3659780365691965
3659726963285091
3659712040431215
3659711876472802
3659692326845200
3659550182030577
3650119385420900
3637610209530497
3637609685838646
3637608636295757
3637601212689376
3637356747773146
3637342306619113
3637340783800682
3637333418853374
3637289911948804
3637289819338149
3637283230341978
3637282257318146
3637213290348615
3637212447043853
3637212061344719
3637174924889228
3637004543729170
3636993576015601
3636987993077789
3636897282810235
3636871768997492
3636843122197471
3636833982463409
3636833885987055
3636710477117821
3636674086947211
3636671146989650
3636670438392799
3636653882642384
3636543081727036
3636541756440320
3636494331964130
3636485465321156
3636329500014490
3636317164012282
3636307500683118
3636287175427338
3636199728104695
3636189561481862
3636140744105639
3636140513365663
3636124381702033
3636038931509115
3636035147970864
3636034472858199
3636001212163777
3635615150877102
3635563401381961
3635391037238066
3635390487947500
3635387509972251
3635387035726224
3634894003663938
3634868242399150
3634858825648684
3634835216299130
3634834704745404
3634834180601842
3634322265643602
3634321728908366
3634320906646362
3634058476650580
3634044988635463
3634005741741056
3633998276717701
3633633761479893
3633428828433360
3633338285649129
3633335370857123
3633311761488595
3633288230875513
3633099105774160
3633098854075023
3633098518693042
3633045321703071
3632248698285651
3632243727872010
3632198974275043
3632155650990529
3632134202076791
3632120906135437
3632000026249198
3631837962241278
3631834019496765
3631668005032296
3631497108278983
3631494470111855
3631492267918344
3631481241281984
3631478980630609
3631119176555038
3631118303943179
3631075341428094
3631073718196890
3630939273692004
3630929408934126
3630926510191791
3630925856098005
3630866201103361
3630864833615970
3630862774048159
3630842452653244
3630801956684691
3630800870422730
3630793316387323
3630689457392209
3630131761300545
3629827556765120
3629827179114426
3629825887172208
3629815493608446
3629780194913051
3629777414259093
3629775787076357
3629672367749020
3629671705275540
3629666315636781
3629665564605352
3629630508971358
3629620047993462
3629613966269919
3629613098127811
3629434475573916
3629432084579039
3629427776847781
3629407430741960
3629385741660318
3629379475510158
3629377759975743
3629376363505677
3629295660581914
3629289566406330
3629244775299732
3629243257071462
3629242782871943
3629241831233042
3629236638410811
3629235472198590
3629230116536194
3629226412641201
3629201473597497
3629100545168391
3629056513680090
3629029116219842
3629017331062510
3629016697595677
3629002512278309
3629000222276967
3628992055923173
3628991439644821
3628924464760605
3628667580490066
3628662198979504
3628616975963132
3628596583352369
3628579177232582
3628568091557926
3628567428974812
3628236250790081
3628207725112908
3628206915931154
3628206395519298
3628203371800346
3628202280886132
3628200691462507
3628200418780744
3628194068781112
3627949456763543
3627943689824632
3627932310316318
3627860084664240
3627531704307670
3627409696268451
3627287260150644
3626698069001641
3626570507954487
3626204894702997
3626198943280207
3625077600283375
3624962554696894
3624945727239403
3623851529700205
3623848992239147
3623846349390961
3623844181392140
3623800224970390
3623795632004344
3623793115518958
3623771288353338
3623512797510207
3623428169358397
3623273595699137
3623166935360443
3623165123405144
3623152611872687
3623151965580150
3623151064193701
3623150019638622
3623146634670034
3622704932629087
3622704483766237
3622704362446698
3622703707891214
3622702617471074
3622702030480447
3622575646990498
3622479664451505
3622380003564598
3622375545715521
3622373423298702
3622161287662336
3621797876459772
3621751873473392
3621500370362778
3621259755986022
3621050565248854
3620967320488616
3620965000567496
3620762370406305
3620298484459321
3620298325051374
3620294696658535
3620292947919083
3620292469635903
3620289038842227
3620287600171247
3620287272921378
3620286073464583
3620283062025707
3619965712639403
3619965531997623
3619952408179186
3619951795645276
3618947943880661
3618374951151155
3618346765724997
3618244017940124
3617750696099184
3617746447725714
3617671650429335
3617348491738354
3617340443266761
3617339906095231
3616933805131685
3616922514157175
3616918395256685
3616569098181386
3616445793952597
3616440517516792
3616439733311020
3616436125941083
3616436025265210
3616433756255540
3616414256643607
3616412847521068
3616064564949153
3615696456056272
3615326241680254
3615273758645516
3615267156520638
3615256268218035
3615251394249886
3615148243842197
3614853962753841
3614480997507488
3614389930445300
3614116982044160
3614114972945865
3614107754661158
3614098833270229
3614020588485491
3614005362953913
3613840006678028
3613834423920710
3613798923591792
3613558975668704
3613092221499538
3613068518577696
3613033505219100
3613028589741410
3613026584478416
3613024110003466
3613000542148725
3612970879845665
3612970288694769
3612727526365373
3612726108779258
3612671092261310
3612662321992495
3612361325615734
3612352501227133
3612074138108497
3611891396031431
3611890720801084
3611880042163127
3611748735341882
3611744372818645
3611240360162629
3611025762687967
3610887543449532
3610844711856176
3610789330300812
3610782657004271
3610573612882490
3610206182901335
3610191751024014
3610191264611342
3610191033862538
3610189653606617
3610183047943500
3610182330600722
3610181692925425
3610180812409474
3610179671567125
3610178891022566
3610177406352267
3610176974701352
3610176483831264
3610169277730290
3610161124413624
3609909247542982
3609810476189224
3609070571827809
3608997754166144
3608969257986251
3608847224724239
3607605488582621
3607208065903211
3607191439633899
3607180362398508
3607178990663305
3607174024616039
3607158803636938
3606455854575095
3606451111276064
3605729032325823
3605727291916057
3605664339834153
3605429999474770
3605429668020342
3605428019917662
3605427680237493
3605367512992762
3605364333484903
3605312798435801
3605312135251292
3605132136839996
3605060447683948
3605003967618175
3604752892411593
3604742037068255
3604714819938565
3604701696256960
3604659367580894
3604651612079107
3604642241974795
3604369079434398
3604311278217124
3604273701158033
3604232484062929
3604231741257796
3604028518959242
3604026996318748
3603983329802637
3603977763840627
3603974215195814
3603973842314566
3603973707802824
3603973015818196
3603946964808286
3603930137331448
3603918111910194
3603735794043463
3603584580773328
3603583771093285
3603578269003490
3603576591297354
3603571423855984
3603562942791955
3603562242621001
3603538574067846
3603247069646659
3603236847880192
3603229156171044
3603188366271357
3603187699692802
3603186143441591
3603185036090770
3603184897639125
3603178098766449
3603176005741827
3603140467511851
3602929796069200
3602893968346407
3602893422811934
3602888720987651
3602887433750603
3602840251876277
3602837508140464
3602448390668275
3602447442785946
3602323714087430
3601892930452937
3601889982031107
3601862484019327
3601843412310641
3601839859885844
3601838207660252
3601823270979799
3601770997873788
3601765671302605
3601753981366278
3601124253091545
3601119340765291
3601115104494902
3601113717009377
3601088681309976
3600863539448479
3600687977520600
3600677294757274
3600409480079467
3600362428616145
3600357198907025
3600351141992559
3600240940981513
3600239833834258
3600026695168024
3600026292464685
3600026112415683
3600025910994861
3600023486964490
3600015467863732
3600013785591236
3600012171082393
3600010862197665
3599676190595074
3599674647073794
3599670544724685
3599667336063575
3599665340072949
3599655789475141
3599651871899428
3599647421910167
3599638861107438
3599636520875472
3599630698986975
3599629319323543
3599599220981827
3599585991849683
3599525707260272
3599521286397754
3599274191797792
3599273881355659
3599272144614615
3599263756327052
3599215727091532
3599214368132166
3599213667551864
3599200157504674
3599200014609644
3599199247441976
3599187897805594
3599035132707845
3598815666274199
3598563629847223
3598538640551880
3598450422054588
3598449482621433
3598345967054382
3598344532265079
3598233584503466
3598125569077580
3597476370399775
3597077265469038
3596981207651666
3596980687505087
3596979076664466
3596977969518951
3596975322917871
3596974211316806
3596625706495698
3596620531071753
3596619729867201
3596506995382643
3596424467813912
3596420672055146
3596420588159869
3595704204916055
3595704146605067
3595701596031193
3595701529085247
3595550718969191
3595417461687948
3595391024875766
3595390458456653
3594971846480620
3594967161449925
3594966683216934
3594966285030863
3594947557540961
3594947452666025
3594862882928352
3594520116039988
3593731376981364
3593519379997625
3593518742343618
3593490212754649
3593489864843542
3593398415949691
3593157256411404
3593156937809661
3593156320578422
3593155024309682
3592866238940518
3592865559329519
3592798772913461
3592770096992060
3592737310078751
3592646675169000
3592429922226095
3592427275463543
3592388834501578
3592275877997756
3592275433193375
3592274791781842
3591966891697920
3591962139882409
3591911808376660
3591431124254039
3591430058618725
3591429551364089
3591376690688233
3591255353529141
3591225288855231
3591200529640471
3591189926363326
3591185073954694
3591177876026887
3591175296762292
3591172000091913
3590954298637689
3590946010294467
3590888871814392
3590880626143936
3590876607678045
3590842197771724
3590666447458485
3590638602262734
3590634533660595
3590544133530009
3590537305335453
3590536726830962
3590535870834414
3590519487867626
3590293922664064
3590228688512580
3590094512831657
3589973469149198
3589973376853423
3589971988472547
3589970604781602
3589970252122830
3589967932860102
3589845496762795
3589797195388159
3589797010683604
3589788936451970
3589739271817055
3589738760435837
3589536212932097
3589535244102001
3589532970823480
3589529384697306
3589480000268699
3589240418075429
3589237956206186
3589072058875792
3588994543918208
3588872821001669
3588803539102242
3588785705371202
3588768831676546
3588666452663090
3588459513813773
3588456036444871
3588340165274554
3588286113625756
3588285224070613
3588101240826147
3587285905970612
3587185536510845
3587116472910594
3587114829003011
3587114262741213
3586631044554819
3586603563414679
3586522576414317
3586522328893126
3586520835903521
3586520487388693
3586491211576234
3586338287091345
3586329407596278
3586262265138774
3586165179357598
3585953815612882
3585953664600073
3585867937603256
3585847188727744
3585791202905468
3585438339966463
3584783252977129
3584657893474084
3584546320774021
3584544873906847
3584534890845399
3584446001384652
3584345720015405
3584320465895140
3584319727949821
3584319522391614
3584318813688642
3584318356428217
3584317328507881
3584316724680989
3584315026089328
3584314753673531
3584314023596214
3584103930602470
3584101199674750
3584099580800842
3583908824327675
3583907893142562
3583667219886072
3583560173089295
3583203015435743
3583199081089659
3583196182848582
3583194043807355
3583185457778502
3583184418018008
3583009883758557
3582938568571597
3582926975859306
3582910545833483
3582910269288194
3582719743455563
3582669478969366
3582579024338983
3582560024266400
3582558992678836
3582524120550033
3582473332301384
3581783855386045
3581658660074007
3581657599072659
3581589957236961
3581480813351302
3581467638805225
3581462320697525
3581458168095390
3581453458111030
3581104152132894
3581073743266683
3581073319549320
3581072971895813
3580803742893002
3580750547211603
3580721224345910
3580693676700680
3580686160202228
3580684948080159
3580549010958370
3580510855002166
3580469407286957
3580431334640540
3580366293666521
3580362355948182
3580037989398969
3580036513085494
3580031957452864
3579986801579344
3579986679985164
3579948722008329
3579944745310625
3579944603458929
3579943638424870
3579700868025557
3579699282088196
3579697147038813
3579649173130544
3579341168095811
3579078042694787
3578977027572494
3578972312876299
3578466119084433
3578347176671294
3578344438092525
3578303191924810
3578277610040592
3578184735999734
3578146937053780
3578120261242868
3578119003275091
3578118952490613
3578118139159783
3578116142297239
3577630060084931
3577541556496670
3577446894418333
3577406675328792
3577405333820589
3577404578331105
3577121165793389
3577110175759793
3577108054193708
3577054962880441
3576905234484917
3576895172168204
3576844714801543
3576840273201448
3576691118670968
3576333323837057
3576333123152240
3576084031369411
3576074279676992
3576065634860434
3575998081775240
3575996534022405
3575813641813667
3575781110668060
3575704493336000
3575315533661746
3575273221773259
3575104989019891
3575104598842322
3575103834561021
3575100576389273
3575061338087441
3575054933333360
3575015964017424
3575015284879583
3574885295433710
3574881792840495
3574713001632189
3574711483138689
3574596022689940
3574574866280097
3574574631647527
3574560085173876
3574559825551743
3574509132892960
3574508537889020
3574507099360012
3574506813545569
3574504939312209
3574366081819370
3574366035894433
3574265654126622
3574264856724990
3574191838506988
3574191443827887
3574016512349988
3573995155140272
3573988880527017
3573457663359228
3573457407457806
3573443540303141
3573183074229347
3573077793831240
3573077583727743
3572903100495565
3572898164169255
3572897605755464
3572889079319868
3572738406732531
3572726314333523
3572726159994550
3572557913198095
3572462572931068
3572434491875401
3572338706782146
3572336286451527
3572178442235281
3572159479884334
3572158507140231
3572142446938069
3572125828664880
3572055536771190
3572030571607969
3572011500877359
3572008640218231
3572008073872564
3572000947352980
3571990390969971
3571980630486335
3571961437476028
3571787260945025
3571786949857467
3571754301791199
3571753551131881
3571705668948916
3571699494843001
3571684105386916
3571647849938717
3571637406055012
3571636387510180
3571472724993373
3571424352612971
3571291568979221
3571269565622828
3571058219561628
3570911053900388
3570909677763306
3570901289321725
3570897883492491
3570870163245716
3570869446300145
3570868988760920
3570740873797093
3570735463146094
3570734519978562
3570718661195591
3570700582913241
3570630903438116
3570607608487505
3570560053547754
3570559176622804
3570504072297070
3570412359684348
3570315189448058
3570312480083407
3570283870825934
3569946074158682
3569936901322627
3569801073396269
3569664661878646
3569660018750545
3569648375202482
3569438861107595
3569174527909136
3569107704560040
3568952933992292
3568948072695934
3568790471805614
3568777377617020
3568769890352496
3568731361983254
3568708989147717
3568705164802572
3568591155030220
3568589166649772
3568575765568417
3568560586959711
3568546456136883
3568534635972962
3568488373709073
3568468316340618
3568468207000639
3568465451054906
3568464973387815
3568464503784723
3568464054926545
3568463005785591
3568462708236419
3568462166839198
3568461823148804
3568460988845155
3568460695456223
3568459634095888
3568458287736178
3568457910178822
3568457272530274
3568457138549699
3568456790360266
3568455879727905
3568455393666933
3568454558850986
3568454294397241
3568444337182381
3568427770289206
3568396862283739
3568355053389681
3568354843059610
3568353631744202
3568353018685211
3568346861236193
3568209422863069
3568177113818888
3568167948955934
3568160260830931
3568084570970095
3568022218636093
3568021253616166
3568021148747799
3568020285027995
3568017621662171
3568015348484867
3568001368969945
3568000483838913
3567974390780696
3567849866027927
3567849207183278
3567817930262809
3567729598568221
3567696907905585
3567626275633232
3567610182557691
3567476442797467
3567475976857059
3567475171702470
3567435766285554
3567429957767444
3567423120809736
3567405613288937
3567355642978132
3567354715890745
3567332746306180
3567326832457892
3567263590704894
3567257228094353
3567109365524377
3567013307886139
3567000335030064
3566999920025127
3566995826524523
3566898346357928
3566897906213600
3566897251460555
3566733921377008
3566720096578635
3566712169363874
3566698156740592
3566668347642138
3566668020697468
3566667956801205
3566545009445269
3566543520924064
3566384275374485
3566381708392209
3566381142102439
3566362637265302
3566361127253809
3566352793418442
3566345436571639
3566341715936056
3566339178888036
3566338989551062
3566337265537990
3566334728515522
3566322132908231
3566321642286327
3566321176448991
3566319419466672
3566317645246076
3566310615461039
3566191430336102
3566173641545091
3566172345793892
3566171373002959
3566158773076258
3566157808334551
3566156088990036
3566154604137798
3565864953147564
3565857819223721
3565856224770073
3565846490483403
3565843847509271
3565843701019702
3565839733369356
3565838940237426
3565676633759991
3565676398441215
3565673856527165
3565668727113340
3565588280681052
3565587672398898
3565582458379165
3565579006405078
3565557402178013
3565556055393971
3565541870263680
3565450145592146
3565449130102973
3565087086094984
3565086629384638
3565085396552200
3564887177800018
3564766138189735
3564749629356500
3564590203522433
3564589457731937
3564589017129981
3564478178311908
3564472725820581
3564440471135544
3564402097609779
3564120756469233
3564119459937464
3564119234292753
3564071527460452
3563877754984278
3563827772026515
3563827327583942
3563801393852972
3563718527292220
3563683961810977
3563639375895170
3563533583739833
3563533105533668
3563438993406734
3563436401547575
3563382051918214
3563355791248741
3563340607869506
3563078723749597
3563075632455781
3563073745447748
3562574526563264
3562572248507837
3562560278337227
3562560063823367
3562559607660400
3562555605379118
3562546252243490
3562540686675375
3562393151473457
3562383651688279
3562369655587584
3562366031991728
3562365192299872
3562361456123095
3562313078536558
3562260683729390
3562188805284352
3562187739746392
3562186410840731
3562185550394978
3562049244136540
3562022643773818
3561657039349278
3561640417275308
3561639452180149
3561638487273680
3561631428648599
3561617336137023
3561608326078505
3561607022101837
3561601988744120
3561601510545138
3561587644112902
3561462373449015
3561459504515012
3561459202246265
3561458686309732
3561351962133750
3561343610857825
3561171368159417
3561123972583278
3561123368510757
3561123167557310
3561112543037144
3561109003119949
3560760594979150
3560561222887473
3560561008195274
3560559939445753
3560519472868942
3560488749143977
3560465202580044
3560432696493788
3560376606057053
3560375704720104
3560373460626446
3560245688822953
3560145147992003
3560144689968423
3560086624720922
3560085894679682
3560082002631340
3560080471615745
3560065208363450
3560050503295223
3560011021919759
3559859515095837
3559763873161874
3559760215896633
3559757854358580
3559757069408862
3559748232470688
3559744662437779
3559742499015741
3559742007848146
3559726669369126
3559726183288390
3559669761400010
3559666200442651
3559396829665450
3559393989387637
3559393067205223
3559392719343230
3559132852699874
3559072596529128
3559071607325481
3559060769469365
3559057300079982
3559056331920635
3559048140379031
3559037537278228
3558692957761999
3558692643564160
3558691591143986
3558691163249289
3558685710092143
3558677447684489
3558524916907218
3558352569198527
3558335691282257
3558235917541427
3558203604546140
3558201607722612
3558200986916801
3558020791058789
3557698240686527
3557469026966864
3557118671947558
3557115932843359
3557114758651169
3556990863682744
3556892842197651
3556882172440481
3556881073328222
3556549220049572
3556483885335568
3556482572111143
3556277042966243
3556188971182840
3556179303472026
3556065666733669
3556065108571138
3556057920485767
3556054434962733
3556054200041825
3556053972989159
3556052559645176
3556051884482945
3556034796473185
3555855053984437
3555687563039486
3555686573289882
3555682723153468
3555666650296995
3555527650821078
3555351616319388
3555351205040914
3555337737318198
3555336391010329
3555335878580381
3555332137759960
3555330846219342
3555330539983212
3555325217570762
3555321610411060
3555314408094617
3555311685753790
3555305760065461
3555128789181636
3554808399434338
3554740329444196
3554735162614355
3554657203115133
3554653973138882
3554651687841326
3554650572187999
3554601385092594
3554594678743200
3554446527461549
3554022403174181
3553637705631917
3553636707764154
3553560660765141
3553557338487480
3553534219946155
3553519175392470
3553513524955352
3553479467498710
3553359447531716
3553357434282940
3553355970653989
3553282557400710
3553177117273523
3553175435183297
3553169265326023
3553125292490722
3553124365428356
3552934056853603
3552877387813246
3552870852746370
3552852691294743
3552845246811046
3552797209856746
3552778016754952
3552774413369900
3552756319266612
3552591184694353
3552504455845730
3552484947426792
3552482834074988
3552479902057387
3552479092171319
3552475036832553
3552468900458302
3552467771943757
3552460381884588
3552447706681772
3552446846547450
3552446439278826
3552439574158356
3552438961372716
3552422296897487
3552421572188130
3552420317929379
3552419558924542
3552419407032635
3552418665189053
3552418107512585
3552416920639354
3552415825791710
3552415137843451
3552414537982484
3552413183593529
3552407444970533
3552405428335107
3552404756873062
3552403146438726
3552399773920336
3552393637594301
3552157867837579
3552153044378797
3552152444721380
3552152159105247
3552143153677289
3552141912062455
3552130591524306
3552129811546265
3552129240847442
3552124803438448
3552059816711988
3552058102053816
3552056264602846
3552055514107799
3552055019382602
3552052690554649
3552043715134520
3552038988298556
3551848306797110
3551427459204215
3551394722711424
3551382331949085
3551325990607366
3551325540852274
3551059555205570
3550992332804962
3550989321524312
3550986608190961
3550986155513053
3550705094602669
3550704738404475
3550698975647710
3550670218702424
3550669900406590
3550666649781590
3550639315090915
3550639177402749
3550612224883493
3550603777172974
3550600421507011
3550600019181878
3550589377751154
3550583824933850
3550578611607543
3550463369000432
3550460344505517
3550380401098427
3550379956059095
3550373337829683
3550372234640433
3550369919461750
3550329603559934
3550323656498728
3550311970749609
3550307508672336
3550302529371450
3550100691595877
3550098280087276
3550093934688650
3550075462559297
3550066944073524
3550050263105227
3549976585714044
3549959746453751
3549952158460334
3549944352567753
3549934068053112
3549931970980102
3549910811338035
3549910459215665
3549909238211997
3549909095826500
3549901583839456
3549898291208361
3549893681523778
3549893149030936
3549892918311912
3549881086198642
3549875293529572
3549874492134659
3549872743247727
3549872400012324
3549871728156487
3549871359724812
3549869249710049
3549867353996415
3549863478714861
3549859132910949
3549765675579296
3549762391025070
3549760839387497
3549754962740616
3549754585854077
3549754124425695
3549750089813097
3549747971626557
3549746776312614
3549746298340635
3549743584386366
3549742682505405
3549741918565030
3549740539479898
3549740346498952
3549739939423023
3549738152902404
3549738043344066
3549737460940815
3549731826973149
3549670737228038
3549655159745587
3549643826518971
3549627339378726
3549627309604212
3549621340912743
3549620447245247
3549619571043550
3549611547865164
3549603615599652
3549602798586846
3549600881722397
3549595944205816
3549595646824377
3549583646645172
3549580698462910
3549580489058609
3549549505017870
3549523902996023
3549365232405288
3549363357594110
3549362036450461
3549358005570685
3549357313432105
3549353207264540
3549352305385259
3549349982261281
3549335758922446
3549299302648794
3549279576499027
3549242108781752
3549228666396068
3549208445389923
3549205983653662
3549204326647403
3549190393390903
3549185435875512
3549185120512008
3549182931637422
3549180393971404
3549155400466550
3549153948422777
3549050794131804
3549034234814224
3549033710457812
3549006841905574
3548846787824042
3548818505103151
3548804244168136
3548790768424369
3548789728483108
3548609289124378
3548592536916320
3548562577566737
3548561545849162
3548555929705532
3548554583335433
3548549843466089
3548312655054936
3548289993307067
3548187811533044
3548178642803663
3548177607373977
3548176009592313
3548127569479980
3548090030141240
3547950338726620
3547949562342711
3547944739745980
3547923042052056
3547821301031607
3547785217491427
3547750954676705
3547750438685630
3547720704950557
3547719404607516
3547718800753918
3547715269271182
3547706373436619
3547398615883023
3547395705251341
3547392437765908
3547390500403204
3547213168715303
3547131681956813
3547080846848757
3547052623366716
3547047212960221
3547042540430771
3547042318438431
3547041567432898
3547040673746334
3547040405970348
3547039537534453
3547038270881491
3546891151334863
3546890459138676
3546889477615597
3546886512760887
3546885312315414
3546884469727721
3546884188644922
3546767163806933
3546686280318365
3546320108993201
3546144158125965
3546127225655507
3546112109194317
3545978583970848
3545978185234484
3545977811805958
3545958035607357
3545943678509836
3545938067020628
3545936154738541
3545883730044804
3545883302083904
3545793753509563
3545721439570210
3545707723814693
3545694134975713
3545694020843144
3545693245092456
3545692615892548
3545692339630609
3545692095950915
3545691097877807
3545690448243780
3545689529469311
3545599972119329
3545421139629964
3545413006674361
3545398721251449
3545339795394367
3545338432378527
3545337589045057
3545112375741810
3544950027089382
3544835326004161
3544688482600402
3544575765563092
3544239830635263
3544123460351563
3544123242074483
3544115927174171
3543997345446351
3543996741684952
3543895323330710
3543836254797704
3543834506176082
3543792935900684
3542709329580451
3542709115973398
3542638525842382
3542638387039115
3542638248845025
3542329174408318
3542327441793319
3542056473697214
3542054619458661
3541970935308807
3541970456402188
3541692563460272
3541692403250892
3541692005512523
3541691648767310
3541690965391638
3541627748481151
3541558928385685
3541558760900299
3541360575744444
3541294644947344
3541293978756422
3541257131888541
3541241482747065
3541237354734467
3541237174672785
3541236977929953
3541193335749404
3541192383952848
3541190315887018
3541189758599192
3541058937865410
3540975189774617
3540897100214687
3540896744335546
3540878146851704
3540814577977626
3540814150112065
3540778163015619
3540673913822128
3540673498458353
3540347194316020
3540286850626021
3540195451924426
3540143367067878
3540142319402950
3540141924648541
3540091340924202
3540090439675377
3540089412426422
3540080327412181
3539957312799360
3539836533263174
3539834935186922
3539832804802539
3539832716704528
3539832012181315
3539830732103723
3539808397952582
3539777758860716
3539749115750597
3539748826639175
3539748494453186
3539722599653696
3539487315276181
3539430851966762
3539402742014486
3539359720145726
3539247300934412
3539244654123693
3539243236744279
3539241240129850
3539237737704208
3539237201179205
3539055151319731
3539046393688027
3539046263643690
3539045290402521
3539043511980272
3539037300063368
3538834296320504
3538833960679571
3538787487776961
3538310712949315
3538310578377809
3538309529854311
3538076196551192
3538065526433786
3537833694278275
3537753423262785
3537685731914496
3537685467916583
3537684788562224
3537684654031588
3537683945595075
3537625996896066
3537325483419448
3537320105735520
3537241991628081
3537225705226694
3537225540885632
3537225025164853
3537221221610353
3537209871716064
3537049506644138
3537041616984415
3537036646672920
3537030917291769
3537030665770617
3536940756868380
3536940521940693
3536934343793773
3536933118591608
3536875338253917
3536860788292365
3536822317933423
3536718106375073
3536716738729845
3536715333204759
3536715098836957
3536714281014209
3536713911700479
3536712112542059
3536711382295439
3536706009953561
3536705489770380
3536701555555353
3536700754539923
3536698900281499
3536682890979282
3536681666127164
3536681246495927
3536680101349231
3536679111484585
3536633263412073
3536632613702808
3536631187895904
3536623197428440
3536619904850576
3536619505862138
3536618785045378
3536617136439859
3536601105834012
3536596106590320
3536595112625514
3536582528744578
3536577014260009
3536565470826459
3536440405118374
3536394179346929
3536344804366230
3536342606640571
3536338785228176
3536295995668008
3536295395993275
3536291880420940
3536291310723157
3536287133212371
3536286298603690
3536286138969441
3536284973131304
3536284490466021
3536284197055976
3536272801133139
3536272138438315
3536269185794048
3536216286391945
3536197739337627
3536187744993271
3536187203830843
3536140033863349
3536138218441038
3536120371791912
3536114989670782
3535987915559454
3535934986936281
3535930608131944
3535923213593476
3535920236308149
3535865073103568
3535858223507894
3535856504059305
3535855618892068
3535854934556908
3535851277767084
3535849444782967
3535849344101545
3535835103877390
3535809543711852
3535809100005695
3535809007053944
3535807253674459
3535790757932303
3535757807597804
3535755396102988
3535751432393397
3535747313391201
3535747166953323
3535746784834987
3535745744766766
3535745174652889
3535744960325049
3535744218229007
3535743668967445
3535743115249808
3535742875747714
3535742683047629
3535742481696100
3535741814858420
3535741412017640
3535733170561045
3535732591522757
3535732058972743
3535730204956777
3535728552453916
3535727189269671
3535714471913861
3535714207921512
3535557844501213
3535557038329886
3535557008966678
3535556929930931
3535555998037112
3535538017959658
3535525397112951
3535525241896518
3535518597498598
3535518136377856
3535516878558044
3535183158942940
3535142599803992
3535142343636504
3535135285001661
3535134504299460
3535133330049029
3535132336162413
3535131970970699
3535130046127544
3535129941248788
3535122697952819
3535120613067156
3535119116089503
3535006821399398
3535002811818008
3535002689994662
3534995446699226
3534880480610074
3534880069526523
3534877574105767
3534875053358740
3534874294406491
3534873996328926
3534873371444774
3534785382719248
3534684057722312
3534643137337079
3534488325426146
3534485016642375
3534476174431617
3534474102474419
3534434738934354
3534171626644206
3534167600423154
3534149535573210
3534089661388131
3533961853022397
3533573879528948
3533573275114615
3533258329913719
3533242680852017
3533197013403638
3533196602095623
3533068139054684
3533067732362488
3533065739603447
3533062485141264
3533041802434338
3532950056779418
3532946919408010
3532946353110921
3532944671388139
3532878527094556
3532850454752986
3532835346615446
3532834210227110
3532598132872317
3532588091930758
3532586367933320
3532577061549703
3532511928050580
3532463295221538
3532363030022719
3532362749184744
3532336651997901
3532301981967488
3532235590121546
3532224450114939
3532185753706191
3532183669269270
3532144024672608
3532125817495276
3531986637474441
3531939136812282
3531938171944741
3531873504174125
3531873042851406
3531868953834605
3531866273727970
3531865434915532
3531857100973146
3531819750110737
3531819389191234
3531790499618664
3531790222548443
3531788300956483
3531788074442091
3531787621892608
3531577327633408
3531576413215314
3531511351113359
3531414466872523
3531404824334780
3531400885699109
3531399825166675
3531399686937367
3531373992713860
3531373656693728
3531060346753448
3531042789324797
3530900178299859
3530890111756113
3530869778028007
3530846037930764
3530802011155836
3530801579059576
3530801147224705
3530800408594042
3530799096058504
3530797154227701
3530779953187118
3530779252312483
3530764447021406
3530678047721771
3530661463892282
3530542761212540
3530531108646536
3530492105942708
3530446287411878
3530446027207653
3530389589446213
3530166430691162
3530087926008307
3530048013451395
3530047107793262
3530046239246792
3530013393141358
3529995122913784
3529993978167453
3529993252128883
3529992413400687
3529983534303842
3529957462906889
3529951049679248
3529733142845121
3529679162341935
3529673868898118
3529656638542669
3529651802175488
3529648941650932
3529599197792504
3529597020923961
3529595955930049
3529590771266883
3529589131724117
3529586376018676
3529453848142106
3529451188823555
3529365969073557
3529286021294667
3529285950586944
3529285677590379
3529285422266007
3529267868842257
3529267705285402
3529267377612909
3529266908179128
3529258867525606
3529222390012394
3529047738607622
3529019972975892
3529018525847526
3529018416223930
3528958869544368
3528953799368283
3528952968237119
3528952569749300
3528949852478666
3528949247864828
3528948471858030
3528948279931315
3528948015369338
3528947675858280
3528947558121771
3528946643899184
3528945678692478
3528933968264031
3528884487935427
3528882189245366
3528543839320738
3528543432435858
3528543117834382
3528268517088806
3528256408518544
3528237471223567
3528236761916078
3528234605865149
3528234085398786
3528233851108092
3528233771130125
3528233607471719
3528233326431519
3528232001664800
3528160928957156
3528158529670817
3528157195953441
3528156935595900
3527628378548243
3527627459172020
3527626834688446
3527482390786266
3527405890885754
3527270683718935
3527244649548561
3527222809412401
3527222306037758
3527217268919896
3527213665881728
3527196600102601
3527192296310028
3527191725593508
3527186197468450
3527153947632070
3527131680449275
3526909532729644
3526906295532576
3526904818202325
3526904345162850
3526904072223054
3526706180926866
3526682864438135
3526462793241448
3526344820812341
3526185856507114
3525997850491402
3525986522151034
3525983548668947
3525982386126121
3525981950215063
3525725334387815
3525724730542138
3525723857946149
3525717650397771
3525707827384123
3525707051809934
3525705147458642
3525704178348849
3525703763023754
3525700134531219
3525696217702542
3525688743682842
3525632501930077
3525632170319043
3525468877670459
3525405312868132
3525404894021351
3525346391046627
3525343685946147
3525336178201821
3525238115729273
3525237796739426
3525235246695651
3525093566762050
3525049065610508
3525002395153710
3525000772053745
3524976021821256
3524973060348761
3524956141152799
3524945113635766
3524944384552469
3524941883961607
3524940294873122
3524891229316490
3524885688819165
3524865329743487
3524861744183697
3524859881710660
3524859345108361
3524598379078272
3524570105698509
3524540577909032
3524538857484441
3524531853604051
3524531220478754
3524530582583604
3524530250896744
3524523784038298
3524519886686589
3524519136805849
3524517744342557
3524505140186377
3524294116386034
3524293512161359
3524293348557027
3524293126627891
3524292337821464
3524292233353094
3524291633323242
3524291289482851
3524286063342285
3524284192475954
3524185508900244
3524183465817988
3524160196601758
3524158577614296
3524115120196179
3523996639392601
3523942876415975
3523904075691745
3523880079492587
3523850664469136
3523850190459687
3523848940855845
3523830800466563
3523817853087132
3523813067661668
3523803306734338
3523797418715774
3523794524353788
3523794293809318
3523793857213606
3523792846679161
3523791852156434
3523582476741311
3523581520595100
3523564319554250
3523562570352490
3523561723021849
3523471667434852
3523360602234664
3523359864016087
3523317270674243
3523315014409430
3523278901180257
3523194943790127
3523193967015948
3523179312390959
3523178557298074
3523174610724595
3523163109333007
3523161998072879
3523161750940383
3523161302064424
3523159208732277
3523146361844172
3523145019934909
3523144176462402
3523109586365779
3523108109503444
3523107878561259
3523107224852521
3523106205723712
3523105416505319
3523105194412828
3523105169016033
3523105114712471
3523104582362805
3523104003441348
3523103340880012
3523096071895303
3523088924994882
3523087972379129
3523086416116282
3523077658534904
3523076790219881
3523064245126600
3523062567701933
3522914911167633
3522913309570759
3522857143470500
3522853301565940
3522851589827270
3522835425447076
3522829296995118
3522825274530331
3522764075943012
3522763413166129
3522761428904455
3522759797371747
3522748053547818
3522747260734507
3522723261666376
3522721172390684
3522720463777497
3522720262720696
3522706224317725
3522702193479765
3522698079067127
3522679892319124
3522560287036824
3522559045920739
3522558442242814
3522558039490883
3522557623941635
3522557510568848
3522557024475320
3522556751775789
3522556407070474
3522555434702181
3522555228819086
3522551752081627
3522463339758457
3522429193869115
3522421061747429
3522420205568187
3522414220206077
3522414002951499
3522413969194543
3522383170501587
3522380980937583
3522380216991683
3522379190279450
3522378753993130
3522370822113340
3522366414260720
3522365424247271
3522362761078068
3522362496787004
3522360927906362
3522357035795307
3522356695888362
3522353449791661
3522343793687469
3522342741063698
3522342611728220
3522340946400020
3522340657138397
3522340246037435
3522340040190345
3522339948456862
3522338559766895
3522337817273446
3522326358462930
3522326220036996
3522059000805866
3522057583676658
3522044303544169
3522042634931415
3522041325768544
3522040143269748
3522038776169932
3522018621915963
3521979091448420
3521968944627385
3521836908132017
3521835700291284
3521835574645063
3521830537414149
3521830087903891
3521829337501344
3521686236003376
3521659699048999
3521658033904508
3521657592924683
3521655927877054
3521654976261466
3521654838100148
3521632973068156
3521632901752158
3521632767766987
3521632566149937
3521631164766166
3521630972552896
3521619131740933
3521593483367147
3521443012693479
3521411374882598
3521404391515540
3521402155687413
3521401984193881
3521397097699873
3521375736323723
3521370304420602
3521368262371075
3521366827938547
3521341229248081
3521320203180341
3521265522934901
3521073322580466
3521068431963355
3521040745796220
3521034139704330
3521033581464478
3521033195550817
3520990694364901
3520645230749602
3520645147312213
3520645092775562
3520642744021154
3520642106359038
3520639614966197
3520629816776294
3520624926570500
3520624390018613
3520623320125534
3520622723931642
3520622175285483
3520609201877575
3520598309693542
3520591623978311
3520565099246354
3520543502096861
3520539174283530
3520537571527990
